0.33311125916055967
0.9990009990009989
0.6664445184938355
1
1
0.6664445184938355
0.9996667777407531
0.999333777481679
1
0.9996667777407531
1
1
0.6664445184938355
0.999333777481679
1
0.6664445184938355
0.6666666666666666
0.999333777481679
1
0.6662225183211193
0.9996667777407531
0.999333777481679
1
1.332889036987671
1
1.0003334444814937
0.6662225183211193
1
0.9996667777407531
0.9996667777407531
0.9996667777407531
0.9996667777407531
1
0.999333777481679
1
0.9996667777407531
0.6664445184938355
0.999333777481679
0.6666666666666666
0.9996667777407531
